%  Dow Jones 30 - Industrial Average
%
%  Normalized      Normalized  Closing Price 
%  Time            (2012-02-14) - (2017-02-13)
%
%       x               y
%
   0.0000000e+00   1.0000000e+00
   7.9554495e-04   9.9300461e-01
   1.5910899e-03   9.8825407e-01
   2.3866348e-03   9.8247024e-01
   3.1821798e-03   9.8423140e-01
   3.9777247e-03   9.8237618e-01
   4.7732697e-03   9.8330901e-01
   5.5688146e-03   9.7416981e-01
   6.3643596e-03   9.7446519e-01
   7.1599045e-03   9.7314981e-01
   7.9554495e-03   9.7839380e-01
   8.7509944e-03   9.8440239e-01
   9.5465394e-03   9.8475174e-01
   1.0342084e-02   9.8316443e-01
   1.1137629e-02   9.7553178e-01
   1.1933174e-02   9.7000266e-01
   1.2728719e-02   9.7134501e-01
   1.3524264e-02   9.6669829e-01
   1.4319809e-02   9.7024129e-01
   1.5115354e-02   9.7132148e-01
   1.5910899e-02   9.7421000e-01
   1.6706444e-02   9.7446815e-01
   1.7501989e-02   9.7756823e-01
   1.8297534e-02   9.7273043e-01
   1.9093079e-02   9.7429085e-01
   1.9888624e-02   9.7803469e-01
   2.0684169e-02   9.7487424e-01
   2.1479714e-02   9.7697451e-01
   2.2275259e-02   9.7401547e-01
   2.3070804e-02   9.6817777e-01
   2.3866348e-02   9.7097902e-01
   2.4661893e-02   9.7166001e-01
   2.5457438e-02   9.7711555e-01
   2.6252983e-02   9.7656546e-01
   2.7048528e-02   9.7583405e-01
   2.7844073e-02   9.7696475e-01
   2.8639618e-02   9.7856469e-01
   2.9435163e-02   9.7407920e-01
   3.0230708e-02   9.7213671e-01
   3.1026253e-02   9.7256930e-01
   3.1821798e-02   9.6964403e-01
   3.2617343e-02   9.7545829e-01
   3.3412888e-02   9.6983511e-01
   3.4208433e-02   9.6789607e-01
   3.5003978e-02   9.6093752e-01
   3.5799523e-02   9.5774377e-01
   3.6595068e-02   9.4315247e-01
   3.7390613e-02   9.4141140e-01
   3.8186158e-02   9.3916664e-01
   3.8981702e-02   9.4022041e-01
   3.9777247e-02   9.3687194e-01
   4.0572792e-02   9.3677492e-01
   4.1368337e-02   9.3561388e-01
   4.2163882e-02   9.3827113e-01
   4.2959427e-02   9.3489271e-01
   4.3754972e-02   9.3198706e-01
   4.4550517e-02   9.2869590e-01
   4.5346062e-02   9.2434752e-01
   4.6141607e-02   9.2610582e-01
   4.6937152e-02   9.2435786e-01
   4.7732697e-02   9.2704841e-01
   4.8528242e-02   9.2438474e-01
   4.9323787e-02   9.2335451e-01
   5.0119332e-02   9.2140571e-01
   5.0914877e-02   9.1071642e-01
   5.1710422e-02   8.9812838e-01
   5.2505967e-02   8.9454519e-01
   5.3301512e-02   8.7635405e-01
   5.4097056e-02   8.7843079e-01
   5.4892601e-02   8.7985007e-01
   5.5688146e-02   8.8364482e-01
   5.6483691e-02   8.8880451e-01
   5.7279236e-02   8.8972403e-01
   5.8074781e-02   8.9013997e-01
   5.8870326e-02   8.9159256e-01
   5.9665871e-02   8.9011988e-01
   6.0461416e-02   8.9275359e-01
   6.1256961e-02   8.8896573e-01
   6.2052506e-02   8.8978087e-01
   6.2848051e-02   8.9175369e-01
   6.3643596e-02   8.8976078e-01
   6.4439141e-02   8.8606009e-01
   6.5234686e-02   8.8860663e-01
   6.6030231e-02   8.8667438e-01
   6.6825776e-02   8.8889167e-01
   6.7621321e-02   8.8813041e-01
   6.8416866e-02   8.9794705e-01
   6.9212411e-02   8.9360901e-01
   7.0007955e-02   8.9498122e-01
   7.0803500e-02   8.9559504e-01
   7.1599045e-02   8.9007969e-01
   7.2394590e-02   8.9426349e-01
   7.3190135e-02   8.9692371e-01
   7.3985680e-02   8.8885493e-01
   7.4781225e-02   8.9844681e-01
   7.5576770e-02   8.9301184e-01
   7.6372315e-02   8.8647306e-01
   7.7167860e-02   8.9463580e-01
   7.7963405e-02   9.0105412e-01
   7.8758950e-02   8.9621574e-01
   7.9554495e-02   8.8819414e-01
   8.0350040e-02   8.8771447e-01
   8.1145585e-02   8.8789235e-01
   8.1941130e-02   8.9223680e-01
   8.2736675e-02   8.8353067e-01
   8.3532220e-02   8.8509741e-01
   8.4327765e-02   8.9775262e-01
   8.5123309e-02   8.8601349e-01
   8.5918854e-02   9.0533829e-01
   8.6714399e-02   9.0760314e-01
   8.7509944e-02   9.0818997e-01
   8.8305489e-02   9.0592866e-01
   8.9101034e-02   9.0236901e-01
   8.9896579e-02   9.0146661e-01
   9.0692124e-02   9.0408368e-01
   9.1487669e-02   9.0646899e-01
   9.2283214e-02   9.0119812e-01
   9.3078759e-02   9.0379509e-01
   9.3874304e-02   9.0541522e-01
   9.4669849e-02   9.0863978e-01
   9.5465394e-02   9.0776379e-01
   9.6260939e-02   9.0889794e-01
   9.7056484e-02   9.1110882e-01
   9.7852029e-02   9.0994482e-01
   9.8647574e-02   9.0887096e-01
   9.9443119e-02   9.1298768e-01
   1.0023866e-01   9.1006883e-01
   1.0103421e-01   9.1188387e-01
   1.0182975e-01   9.0610989e-01
   1.0262530e-01   9.0794167e-01
   1.0342084e-01   9.0775738e-01
   1.0421639e-01   9.0845502e-01
   1.0501193e-01   8.9907441e-01
   1.0580748e-01   8.9921889e-01
   1.0660302e-01   8.9719899e-01
   1.0739857e-01   9.0164439e-01
   1.0819411e-01   9.0300292e-01
   1.0898966e-01   9.0418405e-01
   1.0978520e-01   9.0495909e-01
   1.1058075e-01   9.0503650e-01
   1.1137629e-01   9.0598253e-01
   1.1217184e-01   9.0979345e-01
   1.1296738e-01   9.0716663e-01
   1.1376293e-01   9.1097802e-01
   1.1455847e-01   9.0921341e-01
   1.1535402e-01   9.0794167e-01
   1.1614956e-01   9.0713333e-01
   1.1694511e-01   9.0663654e-01
   1.1774065e-01   9.0005756e-01
   1.1853620e-01   8.9885979e-01
   1.1933174e-01   8.9294467e-01
   1.2012729e-01   8.8901616e-01
   1.2092283e-01   8.7672646e-01
   1.2171838e-01   8.7784041e-01
   1.2251392e-01   8.7401916e-01
   1.2330947e-01   8.7934687e-01
   1.2410501e-01   8.7839749e-01
   1.2490056e-01   8.6686953e-01
   1.2569610e-01   8.5290927e-01
   1.2649165e-01   8.3970732e-01
   1.2728719e-01   8.5246980e-01
   1.2808274e-01   8.8236964e-01
   1.2887828e-01   8.7109007e-01
   1.2967383e-01   8.7348572e-01
   1.3046937e-01   8.7226776e-01
   1.3126492e-01   8.6591326e-01
   1.3206046e-01   8.6875174e-01
   1.3285601e-01   8.6419907e-01
   1.3365155e-01   8.6589661e-01
   1.3444710e-01   8.6872141e-01
   1.3524264e-01   8.7523024e-01
   1.3603819e-01   8.8110172e-01
   1.3683373e-01   8.8207474e-01
   1.3762928e-01   8.7880357e-01
   1.3842482e-01   8.7792423e-01
   1.3922037e-01   8.7237511e-01
   1.4001591e-01   8.7391831e-01
   1.4081146e-01   8.7152314e-01
   1.4160700e-01   8.7140210e-01
   1.4240255e-01   8.7561633e-01
   1.4319809e-01   8.7341511e-01
   1.4399364e-01   8.7455270e-01
   1.4478918e-01   8.6742660e-01
   1.4558473e-01   8.5698572e-01
   1.4638027e-01   8.5737812e-01
   1.4717582e-01   8.5416733e-01
   1.4797136e-01   8.5863618e-01
   1.4876691e-01   8.5880085e-01
   1.4956245e-01   8.6765491e-01
   1.5035800e-01   8.5906245e-01
   1.5115354e-01   8.6813448e-01
   1.5194909e-01   8.6767491e-01
   1.5274463e-01   8.7831711e-01
   1.5354018e-01   8.6741972e-01
   1.5433572e-01   8.6912070e-01
   1.5513126e-01   8.6520539e-01
   1.5592681e-01   8.6474237e-01
   1.5672235e-01   8.6962428e-01
   1.5751790e-01   8.7649519e-01
   1.5831344e-01   8.7073786e-01
   1.5910899e-01   8.7353615e-01
   1.5990453e-01   8.8386289e-01
   1.6070008e-01   8.8135308e-01
   1.6149562e-01   8.8071229e-01
   1.6229117e-01   8.8201101e-01
   1.6308671e-01   8.8097092e-01
   1.6388226e-01   8.8654358e-01
   1.6467780e-01   8.8445316e-01
   1.6547335e-01   8.8203110e-01
   1.6626889e-01   8.7680387e-01
   1.6706444e-01   8.7822306e-01
   1.6785998e-01   8.7733386e-01
   1.6865553e-01   8.6817122e-01
   1.6945107e-01   8.6009565e-01
   1.7024662e-01   8.6110244e-01
   1.7104216e-01   8.5938778e-01
   1.7183771e-01   8.6791651e-01
   1.7263325e-01   8.6239380e-01
   1.7342880e-01   8.6894282e-01
   1.7422434e-01   8.7167403e-01
   1.7501989e-01   8.6639972e-01
   1.7581543e-01   8.6794636e-01
   1.7661098e-01   8.6385318e-01
   1.7740652e-01   8.5906589e-01
   1.7820207e-01   8.5810274e-01
   1.7899761e-01   8.5745897e-01
   1.7979316e-01   8.6137725e-01
   1.8058870e-01   8.6340049e-01
   1.8138425e-01   8.6234385e-01
   1.8217979e-01   8.5642529e-01
   1.8297534e-01   8.4879599e-01
   1.8377088e-01   8.4515941e-01
   1.8456643e-01   8.4406210e-01
   1.8536197e-01   8.4328706e-01
   1.8615752e-01   8.3259835e-01
   1.8695306e-01   8.3285450e-01
   1.8774861e-01   8.3107812e-01
   1.8854415e-01   8.3645969e-01
   1.8933970e-01   8.3316853e-01
   1.9013524e-01   8.3008855e-01
   1.9093079e-01   8.2790455e-01
   1.9172633e-01   8.2622711e-01
   1.9252188e-01   8.0915003e-01
   1.9331742e-01   8.1519891e-01
   1.9411297e-01   8.1800696e-01
   1.9490851e-01   8.0760635e-01
   1.9570406e-01   8.0499953e-01
   1.9649960e-01   8.1425288e-01
   1.9729515e-01   8.0305025e-01
   1.9809069e-01   8.0410057e-01
   1.9888624e-01   8.0607980e-01
   1.9968178e-01   7.9346870e-01
   2.0047733e-01   7.8256489e-01
   2.0127287e-01   7.6719855e-01
   2.0206842e-01   7.7966958e-01
   2.0286396e-01   7.8455096e-01
   2.0365951e-01   7.8517167e-01
   2.0445505e-01   7.9388804e-01
   2.0525060e-01   8.0425491e-01
   2.0604614e-01   8.0033960e-01
   2.0684169e-01   7.9136847e-01
   2.0763723e-01   8.0585198e-01
   2.0843278e-01   8.0669075e-01
   2.0922832e-01   7.8725816e-01
   2.1002387e-01   7.8112556e-01
   2.1081941e-01   7.9203917e-01
   2.1161496e-01   7.7822335e-01
   2.1241050e-01   7.8842757e-01
   2.1320605e-01   7.7809892e-01
   2.1400159e-01   7.7241900e-01
   2.1479714e-01   7.8463129e-01
   2.1559268e-01   7.8326252e-01
   2.1638823e-01   8.0241629e-01
   2.1718377e-01   7.9126413e-01
   2.1797932e-01   8.0913635e-01
   2.1877486e-01   8.0337261e-01
   2.1957041e-01   8.0081922e-01
   2.2036595e-01   8.0903243e-01
   2.2116150e-01   8.2825677e-01
   2.2195704e-01   8.4060972e-01
   2.2275259e-01   8.4013350e-01
   2.2354813e-01   8.5365925e-01
   2.2434368e-01   8.6242068e-01
   2.2513922e-01   8.6815802e-01
   2.2593477e-01   8.5871703e-01
   2.2673031e-01   8.5988792e-01
   2.2752586e-01   8.6235897e-01
   2.2832140e-01   8.5327909e-01
   2.2911695e-01   8.4516381e-01
   2.2991249e-01   8.3913465e-01
   2.3070804e-01   8.5712829e-01
   2.3150358e-01   8.6953511e-01
   2.3229912e-01   8.5855245e-01
   2.3309467e-01   8.5088986e-01
   2.3389021e-01   8.4582968e-01
   2.3468576e-01   8.6099413e-01
   2.3548130e-01   8.5695491e-01
   2.3627685e-01   8.6066344e-01
   2.3707239e-01   8.6862486e-01
   2.3786794e-01   8.7436267e-01
   2.3866348e-01   8.5623813e-01
   2.3945903e-01   8.6858419e-01
   2.4025457e-01   8.7635750e-01
   2.4105012e-01   8.6810606e-01
   2.4184566e-01   8.7268523e-01
   2.4264121e-01   8.7268523e-01
   2.4343675e-01   8.7262638e-01
   2.4423230e-01   8.7167059e-01
   2.4502784e-01   8.7319570e-01
   2.4582339e-01   8.6873461e-01
   2.4661893e-01   8.6895067e-01
   2.4741448e-01   8.5681769e-01
   2.4821002e-01   8.5649974e-01
   2.4900557e-01   8.4485131e-01
   2.4980111e-01   8.5478804e-01
   2.5059666e-01   8.6723897e-01
   2.5139220e-01   8.6998195e-01
   2.5218775e-01   8.6862343e-01
   2.5298329e-01   8.7743433e-01
   2.5377884e-01   8.7513666e-01
   2.5457438e-01   8.7533999e-01
   2.5536993e-01   8.7781745e-01
   2.5616547e-01   8.7343817e-01
   2.5696102e-01   8.6534394e-01
   2.5775656e-01   8.6986388e-01
   2.5855211e-01   8.7102587e-01
   2.5934765e-01   8.6132137e-01
   2.6014320e-01   8.6336040e-01
   2.6093874e-01   8.6451895e-01
   2.6173429e-01   8.5680105e-01
   2.6252983e-01   8.4109713e-01
   2.6332538e-01   8.4347317e-01
   2.6412092e-01   8.4413109e-01
   2.6491647e-01   8.4341738e-01
   2.6571201e-01   8.3978128e-01
   2.6650756e-01   8.2915036e-01
   2.6730310e-01   8.3684875e-01
   2.6809865e-01   8.3929674e-01
   2.6889419e-01   8.3697610e-01
   2.6968974e-01   8.3532315e-01
   2.7048528e-01   8.2853990e-01
   2.7128083e-01   8.2255819e-01
   2.7207637e-01   8.2188409e-01
   2.7287192e-01   8.0698804e-01
   2.7366746e-01   7.9717235e-01
   2.7446301e-01   7.9779406e-01
   2.7525855e-01   7.8625338e-01
   2.7605410e-01   7.8393906e-01
   2.7684964e-01   7.9926229e-01
   2.7764519e-01   7.9370925e-01
   2.7844073e-01   7.9755839e-01
   2.7923628e-01   8.0003633e-01
   2.8003182e-01   8.0884087e-01
   2.8082737e-01   8.0268722e-01
   2.8162291e-01   8.1690228e-01
   2.8241846e-01   8.2009690e-01
   2.8321400e-01   8.1323336e-01
   2.8400955e-01   8.0201996e-01
   2.8480509e-01   8.0506373e-01
   2.8560064e-01   8.0003293e-01
   2.8639618e-01   7.9626900e-01
   2.8719173e-01   8.0798306e-01
   2.8798727e-01   7.8886212e-01
   2.8878282e-01   8.0220612e-01
   2.8957836e-01   8.0106073e-01
   2.9037391e-01   7.8670506e-01
   2.9116945e-01   8.0971485e-01
   2.9196500e-01   8.1534779e-01
   2.9276054e-01   8.1592391e-01
   2.9355609e-01   7.9783372e-01
   2.9435163e-01   7.6750527e-01
   2.9514718e-01   7.7754385e-01
   2.9594272e-01   8.0636982e-01
   2.9673827e-01   8.3238076e-01
   2.9753381e-01   8.4992134e-01
   2.9832936e-01   8.5788764e-01
   2.9912490e-01   8.5954546e-01
   2.9992045e-01   8.5622493e-01
   3.0071599e-01   8.5283722e-01
   3.0151154e-01   8.5255601e-01
   3.0230708e-01   8.5257218e-01
   3.0310263e-01   8.6297431e-01
   3.0389817e-01   8.5112897e-01
   3.0469372e-01   8.5340061e-01
   3.0548926e-01   8.5931477e-01
   3.0628481e-01   8.5981539e-01
   3.0708035e-01   8.6214291e-01
   3.0787589e-01   8.6663338e-01
   3.0867144e-01   8.6938278e-01
   3.0946698e-01   8.6964782e-01
   3.1026253e-01   8.6371405e-01
   3.1105807e-01   8.5442157e-01
   3.1185362e-01   8.6068937e-01
   3.1264916e-01   8.6869394e-01
   3.1344471e-01   8.7452964e-01
   3.1424025e-01   8.7787323e-01
   3.1503580e-01   8.8674643e-01
   3.1583134e-01   8.8606248e-01
   3.1662689e-01   8.8771839e-01
   3.1742243e-01   8.8428514e-01
   3.1821798e-01   8.8445221e-01
   3.1901352e-01   8.8073382e-01
   3.1980907e-01   8.7008969e-01
   3.2060461e-01   8.5971396e-01
   3.2140016e-01   8.5808752e-01
   3.2219570e-01   8.7089803e-01
   3.2299125e-01   8.6632576e-01
   3.2378679e-01   8.6860525e-01
   3.2458234e-01   8.6996722e-01
   3.2537788e-01   8.6318693e-01
   3.2617343e-01   8.6205230e-01
   3.2696897e-01   8.7921511e-01
   3.2776452e-01   8.7645596e-01
   3.2856006e-01   8.8016507e-01
   3.2935561e-01   8.8888536e-01
   3.3015115e-01   8.8769533e-01
   3.3094670e-01   8.8260865e-01
   3.3174224e-01   8.8750234e-01
   3.3253779e-01   8.7867918e-01
   3.3333333e-01   8.7714776e-01
   3.3412888e-01   8.7159663e-01
   3.3492442e-01   8.7687142e-01
   3.3571997e-01   8.8375601e-01
   3.3651551e-01   8.8184691e-01
   3.3731106e-01   8.7026747e-01
   3.3810660e-01   8.7039052e-01
   3.3890215e-01   8.7445233e-01
   3.3969769e-01   8.7720163e-01
   3.4049324e-01   8.8556377e-01
   3.4128878e-01   8.8241221e-01
   3.4208433e-01   8.8380500e-01
   3.4287987e-01   8.8235050e-01
   3.4367542e-01   8.8800592e-01
   3.4447096e-01   8.8981225e-01
   3.4526651e-01   8.8386231e-01
   3.4606205e-01   8.9319403e-01
   3.4685760e-01   8.9582583e-01
   3.4765314e-01   8.9580918e-01
   3.4844869e-01   8.9713144e-01
   3.4924423e-01   8.9646959e-01
   3.5003978e-01   8.9518015e-01
   3.5083532e-01   8.9418465e-01
   3.5163087e-01   8.8479074e-01
   3.5242641e-01   8.8516993e-01
   3.5322196e-01   8.8697961e-01
   3.5401750e-01   8.9118982e-01
   3.5481305e-01   8.7810699e-01
   3.5560859e-01   8.7408586e-01
   3.5640414e-01   8.7830975e-01
   3.5719968e-01   8.8527624e-01
   3.5799523e-01   8.8300603e-01
   3.5879077e-01   8.7401428e-01
   3.5958632e-01   8.8356789e-01
   3.6038186e-01   8.8722313e-01
   3.6117741e-01   8.8368750e-01
   3.6197295e-01   8.8575342e-01
   3.6276850e-01   8.8470252e-01
   3.6356404e-01   8.8370214e-01
   3.6435959e-01   8.7935768e-01
   3.6515513e-01   8.8353852e-01
   3.6595068e-01   8.7331770e-01
   3.6674622e-01   8.8700899e-01
   3.6754177e-01   8.8734408e-01
   3.6833731e-01   8.8362521e-01
   3.6913286e-01   8.8070243e-01
   3.6992840e-01   8.8465161e-01
   3.7072395e-01   8.7980549e-01
   3.7151949e-01   8.7705121e-01
   3.7231504e-01   8.7572407e-01
   3.7311058e-01   8.7599007e-01
   3.7390613e-01   8.7022834e-01
   3.7470167e-01   8.6704100e-01
   3.7549722e-01   8.7085928e-01
   3.7629276e-01   8.8066674e-01
   3.7708831e-01   8.6775040e-01
   3.7788385e-01   8.6606368e-01
   3.7867940e-01   8.6803841e-01
   3.7947494e-01   8.8237308e-01
   3.8027049e-01   8.8751210e-01
   3.8106603e-01   8.8808094e-01
   3.8186158e-01   8.7982012e-01
   3.8265712e-01   8.8555985e-01
   3.8345267e-01   8.7443367e-01
   3.8424821e-01   8.8072109e-01
   3.8504375e-01   8.6954592e-01
   3.8583930e-01   8.7669412e-01
   3.8663484e-01   8.6396494e-01
   3.8743039e-01   8.6531456e-01
   3.8822593e-01   8.8161765e-01
   3.8902148e-01   8.7481086e-01
   3.8981702e-01   8.8847631e-01
   3.9061257e-01   8.8657449e-01
   3.9140811e-01   8.9179043e-01
   3.9220366e-01   8.9596744e-01
   3.9299920e-01   8.8832828e-01
   3.9379475e-01   8.9233182e-01
   3.9459029e-01   8.9282909e-01
   3.9538584e-01   8.9207557e-01
   3.9618138e-01   8.8755133e-01
   3.9697693e-01   8.8870748e-01
   3.9777247e-01   8.8113014e-01
   3.9856802e-01   8.8328964e-01
   3.9936356e-01   8.8415826e-01
   4.0015911e-01   8.8277524e-01
   4.0095465e-01   8.8047422e-01
   4.0175020e-01   8.7507351e-01
   4.0254574e-01   8.7539778e-01
   4.0334129e-01   8.6856123e-01
   4.0413683e-01   8.7321915e-01
   4.0493238e-01   8.7618756e-01
   4.0572792e-01   8.6580839e-01
   4.0652347e-01   8.6548412e-01
   4.0731901e-01   8.5052434e-01
   4.0811456e-01   8.4091782e-01
   4.0891010e-01   8.5325852e-01
   4.0970565e-01   8.4221214e-01
   4.1050119e-01   8.5180651e-01
   4.1129674e-01   8.6608664e-01
   4.1209228e-01   8.6578782e-01
   4.1288783e-01   8.7271412e-01
   4.1368337e-01   8.5999126e-01
   4.1447892e-01   8.5807824e-01
   4.1527446e-01   8.5789893e-01
   4.1607001e-01   8.4854865e-01
   4.1686555e-01   8.5376020e-01
   4.1766110e-01   8.6290131e-01
   4.1845664e-01   8.6423189e-01
   4.1925219e-01   8.6896090e-01
   4.2004773e-01   8.7731377e-01
   4.2084328e-01   8.6147274e-01
   4.2163882e-01   8.5104372e-01
   4.2243437e-01   8.5741295e-01
   4.2322991e-01   8.7364542e-01
   4.2402546e-01   8.7315944e-01
   4.2482100e-01   8.8099790e-01
   4.2561655e-01   8.8370022e-01
   4.2641209e-01   8.8445862e-01
   4.2720764e-01   8.8330734e-01
   4.2800318e-01   8.8301139e-01
   4.2879873e-01   8.7984022e-01
   4.2959427e-01   8.7226441e-01
   4.3038982e-01   8.7095879e-01
   4.3118536e-01   8.5032005e-01
   4.3198091e-01   8.3621082e-01
   4.3277645e-01   8.4169631e-01
   4.3357200e-01   8.4659487e-01
   4.3436754e-01   8.6205182e-01
   4.3516309e-01   8.5895614e-01
   4.3595863e-01   8.7208797e-01
   4.3675418e-01   8.7460025e-01
   4.3754972e-01   8.7980836e-01
   4.3834527e-01   8.7693314e-01
   4.3914081e-01   8.7754647e-01
   4.3993636e-01   8.7592644e-01
   4.4073190e-01   8.7089268e-01
   4.4152745e-01   8.7341272e-01
   4.4232299e-01   8.7338870e-01
   4.4311854e-01   8.7276110e-01
   4.4391408e-01   8.7290616e-01
   4.4470963e-01   8.7252209e-01
   4.4550517e-01   8.6806099e-01
   4.4630072e-01   8.6643110e-01
   4.4709626e-01   8.6653349e-01
   4.4789181e-01   8.6457043e-01
   4.4868735e-01   8.6393307e-01
   4.4948290e-01   8.6481729e-01
   4.5027844e-01   8.6282878e-01
   4.5107399e-01   8.6296111e-01
   4.5186953e-01   8.6290427e-01
   4.5266508e-01   8.6095394e-01
   4.5346062e-01   8.6000064e-01
   4.5425617e-01   8.5657418e-01
   4.5505171e-01   8.5164136e-01
   4.5584726e-01   8.5077915e-01
   4.5664280e-01   8.5196860e-01
   4.5743835e-01   8.4241059e-01
   4.5823389e-01   8.3157835e-01
   4.5902944e-01   8.3311859e-01
   4.5982498e-01   8.2391767e-01
   4.6062053e-01   8.2330386e-01
   4.6141607e-01   8.1705710e-01
   4.6221161e-01   8.0644675e-01
   4.6300716e-01   8.1396630e-01
   4.6380270e-01   8.0342648e-01
   4.6459825e-01   8.0248293e-01
   4.6539379e-01   7.8959013e-01
   4.6618934e-01   7.9079040e-01
   4.6698488e-01   7.9928779e-01
   4.6778043e-01   7.9957585e-01
   4.6857597e-01   8.1050215e-01
   4.6937152e-01   8.1614341e-01
   4.7016706e-01   8.3255376e-01
   4.7096261e-01   8.1908972e-01
   4.7175815e-01   8.3244057e-01
   4.7255370e-01   8.3331158e-01
   4.7334924e-01   8.2309029e-01
   4.7414479e-01   8.2326960e-01
   4.7494033e-01   8.3493860e-01
   4.7573588e-01   8.3632602e-01
   4.7653142e-01   8.3838017e-01
   4.7732697e-01   8.3018165e-01
   4.7812251e-01   8.4312784e-01
   4.7891806e-01   8.3557394e-01
   4.7971360e-01   8.4129654e-01
   4.8050915e-01   8.4654148e-01
   4.8130469e-01   8.4586786e-01
   4.8210024e-01   8.4052102e-01
   4.8289578e-01   8.3930219e-01
   4.8369133e-01   8.3436248e-01
   4.8448687e-01   8.3222499e-01
   4.8528242e-01   8.3523742e-01
   4.8607796e-01   8.3620307e-01
   4.8687351e-01   8.3351635e-01
   4.8766905e-01   8.3829540e-01
   4.8846460e-01   8.3956618e-01
   4.8926014e-01   8.3624565e-01
   4.9005569e-01   8.3667183e-01
   4.9085123e-01   8.3614671e-01
   4.9164678e-01   8.3765996e-01
   4.9244232e-01   8.3673507e-01
   4.9323787e-01   8.3881420e-01
   4.9403341e-01   8.3806413e-01
   4.9482896e-01   8.3660274e-01
   4.9562450e-01   8.3289669e-01
   4.9642005e-01   8.3477153e-01
   4.9721559e-01   8.3181450e-01
   4.9801114e-01   8.2889756e-01
   4.9880668e-01   8.2493671e-01
   4.9960223e-01   8.1632272e-01
   5.0039777e-01   8.1880506e-01
   5.0119332e-01   8.1577847e-01
   5.0198886e-01   8.1130752e-01
   5.0278441e-01   8.1177006e-01
   5.0357995e-01   8.1098373e-01
   5.0437550e-01   8.0188816e-01
   5.0517104e-01   8.0556588e-01
   5.0596659e-01   8.0488643e-01
   5.0676213e-01   8.1173571e-01
   5.0755768e-01   8.0801684e-01
   5.0835322e-01   8.1144282e-01
   5.0914877e-01   8.2697565e-01
   5.0994431e-01   8.2853109e-01
   5.1073986e-01   8.3198396e-01
   5.1153540e-01   8.3090521e-01
   5.1233095e-01   8.3694233e-01
   5.1312649e-01   8.3708097e-01
   5.1392204e-01   8.3839922e-01
   5.1471758e-01   8.3537119e-01
   5.1551313e-01   8.3774473e-01
   5.1630867e-01   8.3170083e-01
   5.1710422e-01   8.3960733e-01
   5.1789976e-01   8.3580961e-01
   5.1869531e-01   8.3555194e-01
   5.1949085e-01   8.3008415e-01
   5.2028640e-01   8.2867615e-01
   5.2108194e-01   8.3213189e-01
   5.2187749e-01   8.2826212e-01
   5.2267303e-01   8.3402299e-01
   5.2346858e-01   8.3618096e-01
   5.2426412e-01   8.3167289e-01
   5.2505967e-01   8.3068476e-01
   5.2585521e-01   8.2434194e-01
   5.2665076e-01   8.2557846e-01
   5.2744630e-01   8.2529878e-01
   5.2824185e-01   8.2634614e-01
   5.2903739e-01   8.2392705e-01
   5.2983294e-01   8.2976322e-01
   5.3062848e-01   8.3024432e-01
   5.3142403e-01   8.2898923e-01
   5.3221957e-01   8.2826212e-01
   5.3301512e-01   8.2345475e-01
   5.3381066e-01   8.2210847e-01
   5.3460621e-01   8.2185031e-01
   5.3540175e-01   8.1981472e-01
   5.3619730e-01   8.2518855e-01
   5.3699284e-01   8.3018749e-01
   5.3778839e-01   8.3004932e-01
   5.3858393e-01   8.2912730e-01
   5.3937947e-01   8.2480782e-01
   5.4017502e-01   8.1997834e-01
   5.4097056e-01   8.1923421e-01
   5.4176611e-01   8.2027726e-01
   5.4256165e-01   8.1898093e-01
   5.4335720e-01   8.1807805e-01
   5.4415274e-01   8.1486622e-01
   5.4494829e-01   8.1693950e-01
   5.4574383e-01   8.1354788e-01
   5.4653938e-01   8.1045220e-01
   5.4733492e-01   8.0996134e-01
   5.4813047e-01   8.0218406e-01
   5.4892601e-01   8.0892268e-01
   5.4972156e-01   8.0791599e-01
   5.5051710e-01   8.0573592e-01
   5.5131265e-01   8.1392516e-01
   5.5210819e-01   8.1889615e-01
   5.5290374e-01   8.1791788e-01
   5.5369928e-01   8.1242454e-01
   5.5449483e-01   8.1083876e-01
   5.5529037e-01   8.0924992e-01
   5.5608592e-01   8.0349259e-01
   5.5688146e-01   8.0983838e-01
   5.5767701e-01   8.0897321e-01
   5.5847255e-01   8.1122571e-01
   5.5926810e-01   8.1230206e-01
   5.6006364e-01   8.1007444e-01
   5.6085919e-01   8.0583045e-01
   5.6165473e-01   8.0155456e-01
   5.6245028e-01   8.0842254e-01
   5.6324582e-01   8.0842254e-01
   5.6404137e-01   8.0904564e-01
   5.6483691e-01   8.0585543e-01
   5.6563246e-01   8.0386098e-01
   5.6642800e-01   8.0466004e-01
   5.6722355e-01   7.9670939e-01
   5.6801909e-01   7.9233359e-01
   5.6881464e-01   7.8515698e-01
   5.6961018e-01   7.9218562e-01
   5.7040573e-01   8.0526410e-01
   5.7120127e-01   7.9639487e-01
   5.7199682e-01   7.9589176e-01
   5.7279236e-01   8.0406536e-01
   5.7358791e-01   8.1189598e-01
   5.7438345e-01   8.1191799e-01
   5.7517900e-01   8.0993923e-01
   5.7597454e-01   8.0626744e-01
   5.7677009e-01   7.9967330e-01
   5.7756563e-01   7.9679124e-01
   5.7836118e-01   7.9702443e-01
   5.7915672e-01   8.0186907e-01
   5.7995227e-01   7.9740166e-01
   5.8074781e-01   7.9867929e-01
   5.8154336e-01   8.0006475e-01
   5.8233890e-01   7.9473068e-01
   5.8313445e-01   8.0031659e-01
   5.8392999e-01   7.9595788e-01
   5.8472554e-01   7.8706368e-01
   5.8552108e-01   7.8918103e-01
   5.8631663e-01   8.0050715e-01
   5.8711217e-01   8.0105437e-01
   5.8790772e-01   8.0435777e-01
   5.8870326e-01   8.0602546e-01
   5.8949881e-01   8.0451508e-01
   5.9029435e-01   8.0149183e-01
   5.9108990e-01   8.0324085e-01
   5.9188544e-01   7.9207836e-01
   5.9268099e-01   7.9960719e-01
   5.9347653e-01   7.9720374e-01
   5.9427208e-01   7.9356668e-01
   5.9506762e-01   7.9264811e-01
   5.9586317e-01   7.9399434e-01
   5.9665871e-01   7.8890718e-01
   5.9745426e-01   7.9037350e-01
   5.9824980e-01   7.8583352e-01
   5.9904535e-01   7.9023485e-01
   5.9984089e-01   7.9141010e-01
   6.0063644e-01   7.8519812e-01
   6.0143198e-01   7.8207991e-01
   6.0222753e-01   7.8359024e-01
   6.0302307e-01   7.7413610e-01
   6.0381862e-01   7.7375839e-01
   6.0461416e-01   7.6564803e-01
   6.0540971e-01   7.5642315e-01
   6.0620525e-01   7.5666858e-01
   6.0700080e-01   7.5311969e-01
   6.0779634e-01   7.6909301e-01
   6.0859189e-01   7.7642985e-01
   6.0938743e-01   7.7104970e-01
   6.1018298e-01   7.8034659e-01
   6.1097852e-01   7.7590416e-01
   6.1177407e-01   7.7792405e-01
   6.1256961e-01   7.9351472e-01
   6.1336516e-01   8.0213656e-01
   6.1416070e-01   8.0415004e-01
   6.1495625e-01   8.0631155e-01
   6.1575179e-01   8.0427596e-01
   6.1654733e-01   8.0745689e-01
   6.1734288e-01   8.0216206e-01
   6.1813842e-01   7.9648309e-01
   6.1893397e-01   8.0525778e-01
   6.1972951e-01   8.0563545e-01
   6.2052506e-01   8.0651632e-01
   6.2132060e-01   8.0985742e-01
   6.2211615e-01   8.0467229e-01
   6.2291169e-01   8.0687150e-01
   6.2370724e-01   8.0546838e-01
   6.2450278e-01   8.1209730e-01
   6.2529833e-01   8.0855181e-01
   6.2609387e-01   8.0728399e-01
   6.2688942e-01   8.0735604e-01
   6.2768496e-01   8.0136300e-01
   6.2848051e-01   7.9827957e-01
   6.2927605e-01   7.9468021e-01
   6.3007160e-01   7.9261969e-01
   6.3086714e-01   7.9207539e-01
   6.3166269e-01   7.7773541e-01
   6.3245823e-01   7.7819154e-01
   6.3325378e-01   7.7186149e-01
   6.3404932e-01   7.7108104e-01
   6.3484487e-01   7.7618097e-01
   6.3564041e-01   7.8253011e-01
   6.3643596e-01   7.8509722e-01
   6.3723150e-01   7.8483610e-01
   6.3802705e-01   7.7510218e-01
   6.3882259e-01   7.7844625e-01
   6.3961814e-01   7.7966369e-01
   6.4041368e-01   7.8427611e-01
   6.4120923e-01   7.8807975e-01
   6.4200477e-01   7.8861473e-01
   6.4280032e-01   7.8741298e-01
   6.4359586e-01   7.8740025e-01
   6.4439141e-01   7.8701957e-01
   6.4518695e-01   7.8433591e-01
   6.4598250e-01   7.7898763e-01
   6.4677804e-01   7.8223129e-01
   6.4757359e-01   7.8267167e-01
   6.4836913e-01   7.8197016e-01
   6.4916468e-01   7.7778244e-01
   6.4996022e-01   7.7510806e-01
   6.5075577e-01   7.7163170e-01
   6.5155131e-01   7.7322045e-01
   6.5234686e-01   7.7217600e-01
   6.5314240e-01   7.6395542e-01
   6.5393795e-01   7.7144603e-01
   6.5473349e-01   7.6514292e-01
   6.5552904e-01   7.6616683e-01
   6.5632458e-01   7.6501211e-01
   6.5712013e-01   7.6159259e-01
   6.5791567e-01   7.6516937e-01
   6.5871122e-01   7.6818668e-01
   6.5950676e-01   7.6272818e-01
   6.6030231e-01   7.6279434e-01
   6.6109785e-01   7.5980248e-01
   6.6189340e-01   7.5510529e-01
   6.6268894e-01   7.5776694e-01
   6.6348449e-01   7.5407013e-01
   6.6428003e-01   7.5443511e-01
   6.6507558e-01   7.5306338e-01
   6.6587112e-01   7.5317017e-01
   6.6666667e-01   7.4308695e-01
   6.6746221e-01   7.4961492e-01
   6.6825776e-01   7.4647221e-01
   6.6905330e-01   7.4103232e-01
   6.6984885e-01   7.2520401e-01
   6.7064439e-01   7.2390821e-01
   6.7143994e-01   7.3173246e-01
   6.7223548e-01   7.3841181e-01
   6.7303103e-01   7.3468366e-01
   6.7382657e-01   7.4137865e-01
   6.7462212e-01   7.4424755e-01
   6.7541766e-01   7.4120866e-01
   6.7621321e-01   7.4750737e-01
   6.7700875e-01   7.5093962e-01
   6.7780430e-01   7.4824319e-01
   6.7859984e-01   7.5124777e-01
   6.7939539e-01   7.5451984e-01
   6.8019093e-01   7.5695515e-01
   6.8098648e-01   7.6604091e-01
   6.8178202e-01   7.6801967e-01
   6.8257757e-01   7.6080779e-01
   6.8337311e-01   7.5909557e-01
   6.8416866e-01   7.5327939e-01
   6.8496420e-01   7.4958454e-01
   6.8575975e-01   7.5085633e-01
   6.8655529e-01   7.4421617e-01
   6.8735084e-01   7.3794836e-01
   6.8814638e-01   7.3105932e-01
   6.8894193e-01   7.3179322e-01
   6.8973747e-01   7.3146938e-01
   6.9053302e-01   7.2672171e-01
   6.9132856e-01   7.2556307e-01
   6.9212411e-01   7.2706417e-01
   6.9291965e-01   7.2625874e-01
   6.9371519e-01   7.2388859e-01
   6.9451074e-01   7.3223313e-01
   6.9530628e-01   7.3537096e-01
   6.9610183e-01   7.3307970e-01
   6.9689737e-01   7.2983700e-01
   6.9769292e-01   7.3500257e-01
   6.9848846e-01   7.3538225e-01
   6.9928401e-01   7.3884732e-01
   7.0007955e-01   7.4035233e-01
   7.0087510e-01   7.5139819e-01
   7.0167064e-01   7.5695123e-01
   7.0246619e-01   7.5541636e-01
   7.0326173e-01   7.5570198e-01
   7.0405728e-01   7.5926899e-01
   7.0485282e-01   7.5791439e-01
   7.0564837e-01   7.6026937e-01
   7.0644391e-01   7.6484457e-01
   7.0723946e-01   7.6710942e-01
   7.0803500e-01   7.6562301e-01
   7.0883055e-01   7.5932875e-01
   7.0962609e-01   7.6035999e-01
   7.1042164e-01   7.6042759e-01
   7.1121718e-01   7.6223339e-01
   7.1201273e-01   7.6207566e-01
   7.1280827e-01   7.6142065e-01
   7.1360382e-01   7.6266990e-01
   7.1439936e-01   7.6158279e-01
   7.1519491e-01   7.6149413e-01
   7.1599045e-01   7.6172928e-01
   7.1678600e-01   7.5790702e-01
   7.1758154e-01   7.5699238e-01
   7.1837709e-01   7.5858016e-01
   7.1917263e-01   7.5760232e-01
   7.1996818e-01   7.5743673e-01
   7.2076372e-01   7.4914463e-01
   7.2155927e-01   7.4956985e-01
   7.2235481e-01   7.4586376e-01
   7.2315036e-01   7.4151093e-01
   7.2394590e-01   7.3428633e-01
   7.2474145e-01   7.3154483e-01
   7.2553699e-01   7.3362936e-01
   7.2633254e-01   7.3042733e-01
   7.2712808e-01   7.3605587e-01
   7.2792363e-01   7.3045379e-01
   7.2871917e-01   7.2311355e-01
   7.2951472e-01   7.1817777e-01
   7.3031026e-01   7.2502862e-01
   7.3110581e-01   7.2301609e-01
   7.3190135e-01   7.4035233e-01
   7.3269690e-01   7.5044632e-01
   7.3349244e-01   7.4366699e-01
   7.3428799e-01   7.3829421e-01
   7.3508353e-01   7.4348231e-01
   7.3587908e-01   7.3462242e-01
   7.3667462e-01   7.4083387e-01
   7.3747017e-01   7.4654469e-01
   7.3826571e-01   7.4701159e-01
   7.3906126e-01   7.3684608e-01
   7.3985680e-01   7.3292536e-01
   7.4065235e-01   7.4355384e-01
   7.4144789e-01   7.4730113e-01
   7.4224344e-01   7.4051792e-01
   7.4303898e-01   7.5075495e-01
   7.4383453e-01   7.4969037e-01
   7.4463007e-01   7.5491224e-01
   7.4542562e-01   7.4970505e-01
   7.4622116e-01   7.4928375e-01
   7.4701671e-01   7.4990446e-01
   7.4781225e-01   7.5384379e-01
   7.4860780e-01   7.5128160e-01
   7.4940334e-01   7.5221830e-01
   7.5019889e-01   7.4628161e-01
   7.5099443e-01   7.4836227e-01
   7.5178998e-01   7.4540126e-01
   7.5258552e-01   7.3934751e-01
   7.5338107e-01   7.4066096e-01
   7.5417661e-01   7.3890367e-01
   7.5497216e-01   7.4000596e-01
   7.5576770e-01   7.3760935e-01
   7.5656325e-01   7.3333197e-01
   7.5735879e-01   7.3358037e-01
   7.5815434e-01   7.2660512e-01
   7.5894988e-01   7.2020551e-01
   7.5974543e-01   7.2700781e-01
   7.6054097e-01   7.2597657e-01
   7.6133652e-01   7.2077378e-01
   7.6213206e-01   7.2019814e-01
   7.6292761e-01   7.1899788e-01
   7.6372315e-01   7.2111231e-01
   7.6451870e-01   7.1365156e-01
   7.6531424e-01   7.1268840e-01
   7.6610979e-01   7.1218036e-01
   7.6690533e-01   7.1617064e-01
   7.6770088e-01   7.2294065e-01
   7.6849642e-01   7.1522074e-01
   7.6929196e-01   7.2824529e-01
   7.7008751e-01   7.2824922e-01
   7.7088305e-01   7.2516775e-01
   7.7167860e-01   7.1885875e-01
   7.7247414e-01   7.1592033e-01
   7.7326969e-01   7.1355750e-01
   7.7406523e-01   7.1555927e-01
   7.7486078e-01   7.1282753e-01
   7.7565632e-01   7.1829780e-01
   7.7645187e-01   7.1392981e-01
   7.7724741e-01   7.1420859e-01
   7.7804296e-01   7.1164247e-01
   7.7883850e-01   7.1328317e-01
   7.7963405e-01   7.0780113e-01
   7.8042959e-01   7.1095025e-01
   7.8122514e-01   7.0651465e-01
   7.8202068e-01   7.1093556e-01
   7.8281623e-01   7.0819650e-01
   7.8361177e-01   7.0801226e-01
   7.8440732e-01   7.1105215e-01
   7.8520286e-01   7.1227834e-01
   7.8599841e-01   7.0817004e-01
   7.8679395e-01   7.0791428e-01
   7.8758950e-01   7.0777860e-01
   7.8838504e-01   7.0531831e-01
   7.8918059e-01   7.0200753e-01
   7.8997613e-01   7.0037860e-01
   7.9077168e-01   6.9829795e-01
   7.9156722e-01   6.9212764e-01
   7.9236277e-01   6.9025816e-01
   7.9315831e-01   6.8853517e-01
   7.9395386e-01   6.8955809e-01
   7.9474940e-01   6.8097300e-01
   7.9554495e-01   6.7529207e-01
   7.9634049e-01   6.8589361e-01
   7.9713604e-01   6.8001721e-01
   7.9793158e-01   6.8231583e-01
   7.9872713e-01   6.8761316e-01
   7.9952267e-01   6.8497208e-01
   8.0031822e-01   6.8456202e-01
   8.0111376e-01   6.8502844e-01
   8.0190931e-01   6.8678180e-01
   8.0270485e-01   6.8445672e-01
   8.0350040e-01   6.8552126e-01
   8.0429594e-01   6.8312465e-01
   8.0509149e-01   6.8520526e-01
   8.0588703e-01   6.8485156e-01
   8.0668258e-01   6.7999075e-01
   8.0747812e-01   6.8634529e-01
   8.0827367e-01   6.7903544e-01
   8.0906921e-01   6.8147711e-01
   8.0986476e-01   6.8363269e-01
   8.1066030e-01   6.8008136e-01
   8.1145585e-01   6.8076972e-01
   8.1225139e-01   6.7730852e-01
   8.1304694e-01   6.7505497e-01
   8.1384248e-01   6.7176672e-01
   8.1463803e-01   6.6870435e-01
   8.1543357e-01   6.6607451e-01
   8.1622912e-01   6.6192066e-01
   8.1702466e-01   6.6307973e-01
   8.1782021e-01   6.6172910e-01
   8.1861575e-01   6.6080364e-01
   8.1941130e-01   6.5996051e-01
   8.2020684e-01   6.5600650e-01
   8.2100239e-01   6.5298575e-01
   8.2179793e-01   6.5570179e-01
   8.2259348e-01   6.5819638e-01
   8.2338902e-01   6.5604817e-01
   8.2418457e-01   6.5708625e-01
   8.2498011e-01   6.4197711e-01
   8.2577566e-01   6.3384327e-01
   8.2657120e-01   6.4159351e-01
   8.2736675e-01   6.4248907e-01
   8.2816229e-01   6.4368149e-01
   8.2895784e-01   6.4622459e-01
   8.2975338e-01   6.5214655e-01
   8.3054893e-01   6.4921937e-01
   8.3134447e-01   6.5406894e-01
   8.3214002e-01   6.4840710e-01
   8.3293556e-01   6.4348945e-01
   8.3373111e-01   6.4523890e-01
   8.3452665e-01   6.4889997e-01
   8.3532220e-01   6.4904647e-01
   8.3611774e-01   6.4519775e-01
   8.3691329e-01   6.4447515e-01
   8.3770883e-01   6.4050252e-01
   8.3850438e-01   6.3856496e-01
   8.3929992e-01   6.3451297e-01
   8.4009547e-01   6.3518998e-01
   8.4089101e-01   6.3812845e-01
   8.4168656e-01   6.3794426e-01
   8.4248210e-01   6.3614582e-01
   8.4327765e-01   6.3090480e-01
   8.4407319e-01   6.3527672e-01
   8.4486874e-01   6.3734216e-01
   8.4566428e-01   6.2888443e-01
   8.4645982e-01   6.2651428e-01
   8.4725537e-01   6.2687927e-01
   8.4805091e-01   6.1670639e-01
   8.4884646e-01   6.1445627e-01
   8.4964200e-01   6.1585595e-01
   8.5043755e-01   6.2493041e-01
   8.5123309e-01   6.2781597e-01
   8.5202864e-01   6.2783113e-01
   8.5282418e-01   6.2763178e-01
   8.5361973e-01   6.3357971e-01
   8.5441527e-01   6.4891122e-01
   8.5521082e-01   6.4238377e-01
   8.5600636e-01   6.4143922e-01
   8.5680191e-01   6.4827142e-01
   8.5759745e-01   6.4160088e-01
   8.5839300e-01   6.4212753e-01
   8.5918854e-01   6.4195458e-01
   8.5998409e-01   6.4066418e-01
   8.6077963e-01   6.4189827e-01
   8.6157518e-01   6.5382054e-01
   8.6237072e-01   6.5370395e-01
   8.6316627e-01   6.6376808e-01
   8.6396181e-01   6.6416293e-01
   8.6475736e-01   6.6390721e-01
   8.6555290e-01   6.5765849e-01
   8.6634845e-01   6.5298575e-01
   8.6714399e-01   6.5286523e-01
   8.6793954e-01   6.5377548e-01
   8.6873508e-01   6.6007371e-01
   8.6953063e-01   6.6546854e-01
   8.7032617e-01   6.6676678e-01
   8.7112172e-01   6.6506241e-01
   8.7191726e-01   6.6110643e-01
   8.7271281e-01   6.6050630e-01
   8.7350835e-01   6.6211073e-01
   8.7430390e-01   6.5829044e-01
   8.7509944e-01   6.6068312e-01
   8.7589499e-01   6.5713328e-01
   8.7669053e-01   6.5929082e-01
   8.7748608e-01   6.6425698e-01
   8.7828162e-01   6.6526373e-01
   8.7907717e-01   6.6611910e-01
   8.7987271e-01   6.6518976e-01
   8.8066826e-01   6.6453719e-01
   8.8146380e-01   6.6397184e-01
   8.8225935e-01   6.6594471e-01
   8.8305489e-01   6.6332325e-01
   8.8385044e-01   6.5320620e-01
   8.8464598e-01   6.5271682e-01
   8.8544153e-01   6.4933304e-01
   8.8623707e-01   6.5189767e-01
   8.8703262e-01   6.5118047e-01
   8.8782816e-01   6.3920136e-01
   8.8862371e-01   6.3863601e-01
   8.8941925e-01   6.4132555e-01
   8.9021480e-01   6.3691005e-01
   8.9101034e-01   6.4214078e-01
   8.9180589e-01   6.4192080e-01
   8.9260143e-01   6.4298290e-01
   8.9339698e-01   6.4461427e-01
   8.9419252e-01   6.3969026e-01
   8.9498807e-01   6.4533884e-01
   8.9578361e-01   6.4684874e-01
   8.9657916e-01   6.5018301e-01
   8.9737470e-01   6.5035744e-01
   8.9817025e-01   6.4912828e-01
   8.9896579e-01   6.4494792e-01
   8.9976134e-01   6.4530846e-01
   9.0055688e-01   6.4517570e-01
   9.0135243e-01   6.4706283e-01
   9.0214797e-01   6.4496802e-01
   9.0294352e-01   6.4547993e-01
   9.0373906e-01   6.4513503e-01
   9.0453461e-01   6.4263212e-01
   9.0533015e-01   6.4158667e-01
   9.0612570e-01   6.3094155e-01
   9.0692124e-01   6.3570586e-01
   9.0771679e-01   6.3730049e-01
   9.0851233e-01   6.4045205e-01
   9.0930788e-01   6.4058189e-01
   9.1010342e-01   6.3138490e-01
   9.1089897e-01   6.2100482e-01
   9.1169451e-01   6.1812764e-01
   9.1249006e-01   6.2322948e-01
   9.1328560e-01   6.2818292e-01
   9.1408115e-01   6.3410047e-01
   9.1487669e-01   6.3240246e-01
   9.1567224e-01   6.2734860e-01
   9.1646778e-01   6.2351117e-01
   9.1726333e-01   6.2595481e-01
   9.1805887e-01   6.1596957e-01
   9.1885442e-01   6.1750105e-01
   9.1964996e-01   6.1988148e-01
   9.2044551e-01   6.2395601e-01
   9.2124105e-01   6.2572847e-01
   9.2203660e-01   6.3181309e-01
   9.2283214e-01   6.3411516e-01
   9.2362768e-01   6.3057460e-01
   9.2442323e-01   6.3100082e-01
   9.2521877e-01   6.1738981e-01
   9.2601432e-01   6.1860233e-01
   9.2680986e-01   6.1407856e-01
   9.2760541e-01   6.1251039e-01
   9.2840095e-01   6.1927695e-01
   9.2919650e-01   6.1598431e-01
   9.2999204e-01   6.2827205e-01
   9.3078759e-01   6.2890600e-01
   9.3158313e-01   6.2422694e-01
   9.3237868e-01   6.2546883e-01
   9.3317422e-01   6.1982221e-01
   9.3396977e-01   6.1220272e-01
   9.3476531e-01   6.1599555e-01
   9.3556086e-01   6.0803121e-01
   9.3635640e-01   6.1503536e-01
   9.3715195e-01   6.1046748e-01
   9.3794749e-01   6.0820560e-01
   9.3874304e-01   5.9415320e-01
   9.3953858e-01   5.9285543e-01
   9.4033413e-01   5.9369367e-01
   9.4112967e-01   6.0716015e-01
   9.4192522e-01   6.0845399e-01
   9.4272076e-01   6.1633312e-01
   9.4351631e-01   6.1016717e-01
   9.4431185e-01   6.1383753e-01
   9.4510740e-01   6.1219147e-01
   9.4590294e-01   6.1251771e-01
   9.4669849e-01   6.1259957e-01
   9.4749403e-01   6.0598093e-01
   9.4828958e-01   6.0956264e-01
   9.4908512e-01   6.1720806e-01
   9.4988067e-01   6.1884680e-01
   9.5067621e-01   6.2195032e-01
   9.5147176e-01   6.2808637e-01
   9.5226730e-01   6.2977362e-01
   9.5306285e-01   6.2879477e-01
   9.5385839e-01   6.3354832e-01
   9.5465394e-01   6.3729317e-01
   9.5544948e-01   6.3875011e-01
   9.5624503e-01   6.4699619e-01
   9.5704057e-01   6.5003264e-01
   9.5783612e-01   6.5055928e-01
   9.5863166e-01   6.4734108e-01
   9.5942721e-01   6.4806025e-01
   9.6022275e-01   6.4689969e-01
   9.6101830e-01   6.4131967e-01
   9.6181384e-01   6.3695167e-01
   9.6260939e-01   6.3330729e-01
   9.6340493e-01   6.3830872e-01
   9.6420048e-01   6.3511649e-01
   9.6499602e-01   6.3847971e-01
   9.6579157e-01   6.4253562e-01
   9.6658711e-01   6.3302512e-01
   9.6738266e-01   6.2950661e-01
   9.6817820e-01   6.3621782e-01
   9.6897375e-01   6.2734123e-01
   9.6976929e-01   6.2295855e-01
   9.7056484e-01   6.3342585e-01
   9.7136038e-01   6.3982154e-01
   9.7215593e-01   6.4053730e-01
   9.7295147e-01   6.4665130e-01
   9.7374702e-01   6.4983275e-01
   9.7454256e-01   6.4726320e-01
   9.7533811e-01   6.4401907e-01
   9.7613365e-01   6.4305835e-01
   9.7692920e-01   6.4656217e-01
   9.7772474e-01   6.4871282e-01
   9.7852029e-01   6.4083029e-01
   9.7931583e-01   6.3913567e-01
   9.8011138e-01   6.4298046e-01
   9.8090692e-01   6.4521297e-01
   9.8170247e-01   6.4859034e-01
   9.8249801e-01   6.4827142e-01
   9.8329356e-01   6.4925807e-01
   9.8408910e-01   6.4638429e-01
   9.8488465e-01   6.4557987e-01
   9.8568019e-01   6.3490144e-01
   9.8647574e-01   6.3305497e-01
   9.8727128e-01   6.3236523e-01
   9.8806683e-01   6.2890600e-01
   9.8886237e-01   6.2507595e-01
   9.8965792e-01   6.3505330e-01
   9.9045346e-01   6.3577643e-01
   9.9124901e-01   6.3591015e-01
   9.9204455e-01   6.3452717e-01
   9.9284010e-01   6.3712611e-01
   9.9363564e-01   6.3596943e-01
   9.9443119e-01   6.3603999e-01
   9.9522673e-01   6.3612525e-01
   9.9602228e-01   6.3387068e-01
   9.9681782e-01   6.3519443e-01
   9.9761337e-01   6.3441939e-01
   9.9840891e-01   6.3217611e-01
   9.9920446e-01   6.2614393e-01
   1.0000000e+00   6.3091217e-01
